Resp charges for organic molecule

 &cntrl

 nmol = 1,
 ihfree = 1,
 ioutopt = 1,
 iqopt = 2,
 qwt =  0.00100,

 &end
    1.0
Resp charges for organic molecule
    0   78
    6  -99
    6  -99
    6  -99
    6    0
    6    0
    6    0
    6    0
    6    0
    6    0
    6    0
    6  -99
    6  -99
    6  -99
    6  -99
    6  -99
    6  -99
    6  -99
    6  -99
    6  -99
    6  -99
    6  -99
    6  -99
    6  -99
    7  -99
    7  -99
    7  -99
    7  -99
    7  -99
    7  -99
    7  -99
    8  -99
    8  -99
    1  -99
    1    0
    1   34
    1    0
    1   36
    1    0
    1   38
    1    0
    1   40
    1    0
    1   42
    1  -99
    1  -99
    1  -99
    1  -99
    1  -99
    1  -99
    1  -99
    1  -99
    1  -99
    1  -99
    6  -99
    6  -99
    8  -99
    7  -99
    6  -99
    6  -99
    8  -99
    7  -99
    6  -99
    1  -99
    1  -99
    1  -99
    1  -99
    1  -99
    1  -99
    1  -99
    6    0
   16  -99
    1    0
    1   72
    1  -99
    1    0
    1   75
    1    0
    1   77

