
Resp charges for organic molecule                                               

iqopt   irstrnt  ihfree     qwt
  2      1      1        0.001000

 rel.rms   dipole mom       Qxx      Qyy      Qzz
    0.12327   7.91430 -79.10318  75.93439   3.16878

          Point charges before & after optimization
    NO   At.No.    q0           q(opt)   IVARY  d(rstr)/dq 
     1     6   0.326788       0.326788  -99    0.002926
     2     6   0.037112       0.037112  -99    0.009375
     3     6   0.189909       0.189909  -99    0.004659
     4     6   0.294441       0.293588    0    0.003224
     5     6  -0.132098      -0.182543    0    0.004804
     6     6  -0.043908      -0.123443    0    0.006294
     7     6  -0.048809      -0.116612    0    0.006510
     8     6   0.000422       0.104413    0    0.006917
     9     6  -0.068399      -0.155440    0    0.005410
    10     6   0.090240       0.092445    0    0.007343
    11     6   0.046697       0.046697  -99    0.009061
    12     6  -0.431903      -0.431903  -99    0.002256
    13     6   0.032019       0.032019  -99    0.009524
    14     6   0.076691       0.076691  -99    0.007935
    15     6  -0.137368      -0.137368  -99    0.005885
    16     6  -0.002520      -0.002520  -99    0.009997
    17     6  -0.066898      -0.066898  -99    0.008312
    18     6  -0.299369      -0.299369  -99    0.003168
    19     6   0.158741       0.158741  -99    0.005330
    20     6   0.066414       0.066414  -99    0.008330
    21     6  -0.371193      -0.371193  -99    0.002601
    22     6   0.239154       0.239154  -99    0.003858
    23     6   0.535085       0.535085  -99    0.001837
    24     7  -0.100080      -0.100080  -99    0.007068
    25     7  -0.254057      -0.254057  -99    0.003663
    26     7  -0.488857      -0.488857  -99    0.002004
    27     7   0.700194       0.700194  -99    0.001414
    28     7  -0.587611      -0.587611  -99    0.001678
    29     7  -0.629146      -0.629146  -99    0.001570
    30     7  -0.477179      -0.477179  -99    0.002051
    31     8  -0.532516      -0.532516  -99    0.001846
    32     8  -0.499504      -0.499504  -99    0.001963
    33     1   0.067370       0.067370  -99    0.000000
    34     1   0.052186       0.089148    0    0.000000
    35     1   0.067321       0.089148   34    0.000000
    36     1   0.047825       0.055207    0    0.000000
    37     1   0.022839       0.055207   36    0.000000
    38     1   0.001455      -0.000413    0    0.000000
    39     1   0.053191      -0.000413   38    0.000000
    40     1   0.098940       0.109948    0    0.000000
    41     1   0.062282       0.109948   40    0.000000
    42     1   0.021032       0.055032    0    0.000000
    43     1   0.074277       0.055032   42    0.000000
    44     1   0.194059       0.194059  -99    0.000000
    45     1   0.173414       0.173414  -99    0.000000
    46     1   0.174217       0.174217  -99    0.000000
    47     1   0.144085       0.144085  -99    0.000000
    48     1   0.188044       0.188044  -99    0.000000
    49     1   0.150179       0.150179  -99    0.000000
    50     1   0.104063       0.104063  -99    0.000000
    51     1   0.274243       0.274243  -99    0.000000
    52     1   0.368038       0.368038  -99    0.000000
    53     1   0.119421       0.119421  -99    0.000000
    54     6  -0.616112      -0.616112  -99    0.001602
    55     6   0.691124       0.691124  -99    0.001432
    56     8  -0.557104      -0.557104  -99    0.001767
    57     7  -0.403821      -0.403821  -99    0.002404
    58     6  -0.003200      -0.003200  -99    0.009995
    59     6   0.424475       0.424475  -99    0.002293
    60     8  -0.479319      -0.479319  -99    0.002042
    61     7  -0.125291      -0.125291  -99    0.006238
    62     6  -0.509686      -0.509686  -99    0.001925
    63     1   0.119421       0.119421  -99    0.000000
    64     1   0.331311       0.331311  -99    0.000000
    65     1   0.238789       0.238789  -99    0.000000
    66     1   0.119421       0.119421  -99    0.000000
    67     1   0.241940       0.241940  -99    0.000000
    68     1   0.119421       0.119421  -99    0.000000
    69     1   0.240610       0.240610  -99    0.000000
    70     6  -0.068778      -0.100723    0    0.007046
    71    16  -0.334747      -0.334747  -99    0.002862
    72     1   0.105767       0.120106    0    0.000000
    73     1   0.100769       0.120106   72    0.000000
    74     1   0.064620       0.064620  -99    0.000000
    75     1  -0.024082       0.009131    0    0.000000
    76     1   0.023960       0.009131   75    0.000000
    77     1   0.072542       0.131205    0    0.000000
    78     1   0.147002       0.131205   77    0.000000

        Statistics of the fitting:
  The initial sum of squares (ssvpot)                      1.163
  The residual sum of squares (chipot)                     0.018
  The std err of estimate (sqrt(chipot/N))               0.00238
  ESP relative RMS (SQRT(chipot/ssvpot))                 0.12327

 Dipole Moment (Debye)=   7.91430
