  0.326788  0.037112  0.189909  0.294441 -0.132098 -0.043908 -0.048809  0.000422
 -0.068399  0.090240  0.046697 -0.431903  0.032019  0.076691 -0.137368 -0.002520
 -0.066898 -0.299369  0.158741  0.066414 -0.371193  0.239154  0.535085 -0.100080
 -0.254057 -0.488857  0.700194 -0.587611 -0.629146 -0.477179 -0.532516 -0.499504
  0.067370  0.052186  0.067321  0.047825  0.022839  0.001455  0.053191  0.098940
  0.062282  0.021032  0.074277  0.194059  0.173414  0.174217  0.144085  0.188044
  0.150179  0.104063  0.274243  0.368038  0.119421 -0.616112  0.691124 -0.557104
 -0.403821 -0.003200  0.424475 -0.479319 -0.125291 -0.509686  0.119421  0.331311
  0.238789  0.119421  0.241940  0.119421  0.240610 -0.068778 -0.334747  0.105767
  0.100769  0.064620 -0.024082  0.023960  0.072542  0.147002
